99
31
37
16
30
75
74
68
82
34
54
28
80
2
31
74
91
23
85
97
67
23
26
93
34
55
61
57
84
25
11
57
25
75
32
92
52
55
28
73
63
73
88
92
66
94
23
41
93
60
70
56
44
27
55
58
94
54
65
45
19
81
43
74
83
66
54
41
47
32
99
76
42
23
41
8
55
29
61
1
72
85
91
49
0
82
69
1
18
55
25
50
9
65
80
77
90
77
12
13
72
21
45
47
34
87
78
48
14
34
47
82
96
92
83
47
89
90
94
69
31
49
11
32
27
42
39
25
86
86
55
99
72
97
100
86
64
26
71
74
24
6
34
37
42
21
76
67
78
43
50
15
6
60
93
100
4
98
83
6
99
23
74
69
26
45
71
29
89
54
27
48
60
34
39
18
99
95
52
90
13
87
26
24
61
44
35
89
43
38
71
40
76
92
66
94
40
87
28
77
29
37
97
35
28
98
46
52
79
12
6
4
79
33
9
41
6
69
100
77
22
70
88
43
60
6
94
85
50
22
28
87
55
67
58
3
6
99
11
61
0
98
71
5
15
99
24
58
59
70
17
13
45
80
74
93
96
54
56
90
49
3
75
34
76
48
61
33
66
15
66
74
35
47
10
16
53
68
55
64
35
30
86
58
41
54
90
46
67
86
28
17
32
1
71
80
46
73
87
97
79
79
67
9
93
57
17
19
0
34
23
40
41
1
32
19
80
76
76
42
31
36
76
9
43
92
60
22
68
72
52
93
37
83
43
27
96
68
27
71
25
24
20
55
4
34
15
70
80
60
44
38
2
11
57
76
93
78
39
36
69
23
94
13
94
59
80
11
96
31
53
12
46
94
17
99
68
10
67
17
6
45
20
34
30
45
5
19
15
93
99
80
94
31
91
13
31
98
0
83
76
14
48
64
3
68
66
82
42
86
86
3
95
1
78
71
22
25
12
89
57
41
90
54
68
68
19
84
9
18
27
89
79
91
5
16
23
9
46
38
30
95
11
25
45
50
97
84
74
81
98
12
75
15
4
21
44
8
15
79
68
87
94
20
0
78
100
53
71
98
4
79
86
0
36
93
98
26
78
60
36
8
64
51
69
64
11
74
17
57
13
38
1
29
40
38
78
91
63
53
15
92
93
42
62
79
28
70
53
4
84
94
24
51
56
19
62
43
8
63
56
10
62
83
49
27
97
9
4
11
76
97
10
89
30
83
46
34
21
95
56
86
3
51
38
60
90
74
7
49
36
75
82
48
80
46
40
85
73
53
45
30
6
93
88
83
23
32
70
7
93
23
13
21
68
86
27
14
13
99
23
60
83
74
37
5
39
55
14
96
28
87
11
28
32
51
12
60
91
18
24
25
86
94
10
16
60
6
44
98
25
25
45
73
8
57
53
35
18
29
73
66
54
71
89
27
8
64
46
34
63
60
1
52
62
10
57
64
39
68
68
77
52
98
38
63
1
57
49
39
23
28
45
100
10
98
57
55
47
41
57
34
12
10
40
36
1
57
32
39
72
52
94
61
34
72
68
28
13
45
50
90
2
37
97
12
4
47
75
27
61
45
92
80
29
9
8
56
90
64
56
33
18
40
7
15
15
32
96
84
14
16
67
79
88
94
22
7
11
89
48
52
34
79
10
33
22
61
64
49
55
89
36
25
80
73
46
23
22
99
80
78
72
75
26
93
43
60
5
61
87
53
98
86
47
11
78
55
41
27
93
45
38
27
30
95
71
97
12
89
16
96
87
37
12
74
6
84
46
87
17
26
26
87
21
16
94
16
76
1
9
99
20
86
68
85
16
11
10
94
42
21
18
100
80
88
53
25
42
93
67
77
53
68
15
49
57
72
97
67
33
75
5
22
35
2
60
1
49
21
35
86
4
56
62
67
29
51
79
36
52
7
70
33
51
50
37
5
95
85
56
23
99
53
0
94
20
31
86
54
95
71
29
29
25
31
16
83
75
44
57
33
30
36
56
88
99
85
87
55
35
59
45
29
92
54
17
21
25
65
77
44
12
26
39
44
4
20
65
100
60
10
29
89
99
6
87
85
19
45
32
80
36
47
51
73
64
53
79
35
50
96
7
89
66
19
77
62
94
71
5
96
9
92
23
98
98
20
77
19
67
50
36
57
0
7
95
19
79
79
18
96
88
42
82
57
40
20
0
65
91
98
5
84
29
99
27
49
76
87
81
96
86
19
78
65
71
40
17
23
67
87
73
90
45
84
79
54
86
4
54
74
69
71
61
97
99
76
100
54
